{
 "cells": [
  {
   "attachments": {},
   "cell_type": "markdown",
   "metadata": {},
   "source": [
    "Documentación pyedflib: https://pyedflib.readthedocs.io/en/latest/ref/edfreader.html\n",
    "\n",
    "Documentación networkx: https://networkx.org/documentation/networkx-1.9/reference/index.html\n",
    "\n",
    "Documentación csv: https://docs.python.org/3/library/csv.html\n",
    "\n",
    "Información grafos: https://www.cienciadedatos.net/documentos/pygml01-introduccion-grafos-redes-python.html\n",
    "\n",
    "Información igraph: https://igraph.org/python/tutorial/0.9.6"
   ]
  },
  {
   "cell_type": "code",
   "execution_count": 21,
   "metadata": {},
   "outputs": [],
   "source": [
    "import pandas as pd\n",
    "import numpy as np\n",
    "import pyedflib\n",
    "import seaborn as sns\n",
    "import matplotlib.pyplot as plt\n",
    "import networkx as nx\n",
    "from os.path import basename\n",
    "from scipy.sparse._csr import csr_matrix # Se usa unicamente para describir el tipo de objeto del mst\n",
    "from scipy.sparse.csgraph import minimum_spanning_tree\n",
    "import igraph as ig\n",
    "from pprint import pprint\n",
    "\n",
    "CHANNELS: tuple[str] = ('Fp1', 'Fp2', 'F3', 'F4', 'F7', 'F8', 'T3', 'T4', \n",
    "                        'C3', 'C4', 'T5', 'T6', 'P3', 'P4', 'O1', 'O2', \n",
    "                        'Fz', 'Cz', 'Pz')\n",
    "N_CHANNELS: int = len(CHANNELS)\n",
    "\n",
    "path: str = 'Archivos\\\\Subject00\\\\csv\\\\Subject00_1.csv'\n",
    "\n",
    "# Obtiene la posicion del nombre del archivo en path y se hace un nuevo string que vaya desde 0 hasta esa posicion\n",
    "path_without_filename: str = path[:path.find(basename(path))]"
   ]
  },
  {
   "cell_type": "code",
   "execution_count": 22,
   "metadata": {},
   "outputs": [],
   "source": [
    "# Convertir un archivo EDF a CSV\n",
    "\n",
    "def edf_to_csv(filename: str, output_path: str = '') -> None:\n",
    "    # Se guardan los archivos en una matriz 19 x No. Señales (31000 o 91000)\n",
    "\n",
    "    f: pyedflib.EdfReader = pyedflib.EdfReader(filename)\n",
    "    \n",
    "    signals: np.zeros = np.zeros((N_CHANNELS + 1, m := f.getNSamples()[0]))\n",
    "    signals[0, :] = np.arange(1, m + 1) # Es la cabecera de las columnas que son numeros desde el 1 al No. Señales\n",
    "    for i in np.arange(1, N_CHANNELS + 1):\n",
    "        signals[i, :]= f.readSignal(i - 1)\n",
    "\n",
    "    np.savetxt(output_path + basename(filename.replace('.edf', '.csv')), signals, delimiter=';')\n",
    "\n",
    "    f.close()\n",
    "\n",
    "subject: str = 'Subject12'\n",
    "filename: str = f'Archivos\\\\{subject}\\\\edf\\\\{subject}_2.edf'\n",
    "csv_path: str = f'Archivos\\\\{subject}\\\\csv\\\\'\n",
    "\n",
    "#edf_to_csv(filename, csv_path)"
   ]
  },
  {
   "cell_type": "code",
   "execution_count": 24,
   "metadata": {},
   "outputs": [],
   "source": [
    "def centrality(path: str) -> pd.DataFrame:\n",
    "    df: pd.DataFrame = pd.read_csv(path, sep=';')\n",
    "\n",
    "    df['EEG channels'] = CHANNELS\n",
    "    df = df.set_index('EEG channels')\n",
    "\n",
    "    df = np.transpose(df)\n",
    "\n",
    "    # Hacer la matriz de correlación\n",
    "    df_correlation: pd.DataFrame = df.corr()\n",
    "\n",
    "    # Hacer la matriz de distancias a partir de la correlación\n",
    "    df_distances: pd.DataFrame = pd.DataFrame(np.sqrt(2 * (1 - df_correlation)), index=CHANNELS, columns=CHANNELS)\n",
    "\n",
    "    edges = df_distances.stack().reset_index()\n",
    "    edges.columns = [\"target\", \"source\", \"weight\"]\n",
    "    edges = edges.loc[edges[\"target\"] != edges[\"source\"]].copy()\n",
    "\n",
    "    # Quitar las columnas repetidas\n",
    "    edges['sorted_columns'] = np.sort(edges[['target', 'source']], axis=1).tolist()\n",
    "    edges.drop_duplicates(subset='sorted_columns', keep='first', inplace=True)\n",
    "    edges.drop('sorted_columns', axis=1, inplace=True)\n",
    "\n",
    "    g0 = nx.from_pandas_edgelist(edges, \"target\", \"source\", edge_attr=[\"weight\"])\n",
    "    mst_g0 = nx.minimum_spanning_tree(g0)\n",
    "\n",
    "    degree_centrality = nx.degree_centrality(mst_g0)\n",
    "    betweenness_centrality = nx.betweenness_centrality(mst_g0)\n",
    "    closeness_centrality = nx.closeness_centrality(mst_g0)\n",
    "    pagerank = nx.pagerank(mst_g0, alpha=0.85, personalization=None, max_iter=100, tol=1e-06, nstart=None, weight='weight', dangling=None)\n",
    "\n",
    "    return pd.DataFrame({\n",
    "        'nodes': CHANNELS,\n",
    "        'degree': degree_centrality.values(),\n",
    "        'betweenness': betweenness_centrality.values(),\n",
    "        'closeness': closeness_centrality.values(),\n",
    "        'pagerank': pagerank.values()\n",
    "    })"
   ]
  },
  {
   "cell_type": "code",
   "execution_count": 33,
   "metadata": {},
   "outputs": [
    {
     "data": {
      "text/html": [
       "<div>\n",
       "<style scoped>\n",
       "    .dataframe tbody tr th:only-of-type {\n",
       "        vertical-align: middle;\n",
       "    }\n",
       "\n",
       "    .dataframe tbody tr th {\n",
       "        vertical-align: top;\n",
       "    }\n",
       "\n",
       "    .dataframe thead th {\n",
       "        text-align: right;\n",
       "    }\n",
       "</style>\n",
       "<table border=\"1\" class=\"dataframe\">\n",
       "  <thead>\n",
       "    <tr style=\"text-align: right;\">\n",
       "      <th>EEG channels</th>\n",
       "      <th>Fp1</th>\n",
       "      <th>Fp2</th>\n",
       "      <th>F3</th>\n",
       "      <th>F4</th>\n",
       "      <th>F7</th>\n",
       "      <th>F8</th>\n",
       "      <th>T3</th>\n",
       "      <th>T4</th>\n",
       "      <th>C3</th>\n",
       "      <th>C4</th>\n",
       "      <th>T5</th>\n",
       "      <th>T6</th>\n",
       "      <th>P3</th>\n",
       "      <th>P4</th>\n",
       "      <th>O1</th>\n",
       "      <th>O2</th>\n",
       "      <th>Fz</th>\n",
       "      <th>Cz</th>\n",
       "      <th>Pz</th>\n",
       "    </tr>\n",
       "    <tr>\n",
       "      <th>EEG channels</th>\n",
       "      <th></th>\n",
       "      <th></th>\n",
       "      <th></th>\n",
       "      <th></th>\n",
       "      <th></th>\n",
       "      <th></th>\n",
       "      <th></th>\n",
       "      <th></th>\n",
       "      <th></th>\n",
       "      <th></th>\n",
       "      <th></th>\n",
       "      <th></th>\n",
       "      <th></th>\n",
       "      <th></th>\n",
       "      <th></th>\n",
       "      <th></th>\n",
       "      <th></th>\n",
       "      <th></th>\n",
       "      <th></th>\n",
       "    </tr>\n",
       "  </thead>\n",
       "  <tbody>\n",
       "    <tr>\n",
       "      <th>Fp1</th>\n",
       "      <td>1.000000</td>\n",
       "      <td>0.927426</td>\n",
       "      <td>0.925946</td>\n",
       "      <td>0.865917</td>\n",
       "      <td>0.611990</td>\n",
       "      <td>0.754764</td>\n",
       "      <td>0.425533</td>\n",
       "      <td>0.431161</td>\n",
       "      <td>0.674208</td>\n",
       "      <td>0.669217</td>\n",
       "      <td>0.151383</td>\n",
       "      <td>0.030732</td>\n",
       "      <td>0.292622</td>\n",
       "      <td>0.157271</td>\n",
       "      <td>0.018659</td>\n",
       "      <td>-0.183149</td>\n",
       "      <td>0.865780</td>\n",
       "      <td>0.674427</td>\n",
       "      <td>0.291271</td>\n",
       "    </tr>\n",
       "    <tr>\n",
       "      <th>Fp2</th>\n",
       "      <td>0.927426</td>\n",
       "      <td>1.000000</td>\n",
       "      <td>0.756845</td>\n",
       "      <td>0.821031</td>\n",
       "      <td>0.486266</td>\n",
       "      <td>0.757161</td>\n",
       "      <td>0.293387</td>\n",
       "      <td>0.417025</td>\n",
       "      <td>0.538941</td>\n",
       "      <td>0.597124</td>\n",
       "      <td>0.062316</td>\n",
       "      <td>0.063733</td>\n",
       "      <td>0.205690</td>\n",
       "      <td>0.153414</td>\n",
       "      <td>-0.038340</td>\n",
       "      <td>-0.160568</td>\n",
       "      <td>0.819931</td>\n",
       "      <td>0.569295</td>\n",
       "      <td>0.229581</td>\n",
       "    </tr>\n",
       "    <tr>\n",
       "      <th>F3</th>\n",
       "      <td>0.925946</td>\n",
       "      <td>0.756845</td>\n",
       "      <td>1.000000</td>\n",
       "      <td>0.817660</td>\n",
       "      <td>0.596640</td>\n",
       "      <td>0.629942</td>\n",
       "      <td>0.425717</td>\n",
       "      <td>0.477735</td>\n",
       "      <td>0.732800</td>\n",
       "      <td>0.680881</td>\n",
       "      <td>0.220556</td>\n",
       "      <td>0.091460</td>\n",
       "      <td>0.337303</td>\n",
       "      <td>0.232115</td>\n",
       "      <td>0.047944</td>\n",
       "      <td>-0.137140</td>\n",
       "      <td>0.834678</td>\n",
       "      <td>0.698923</td>\n",
       "      <td>0.354014</td>\n",
       "    </tr>\n",
       "    <tr>\n",
       "      <th>F4</th>\n",
       "      <td>0.865917</td>\n",
       "      <td>0.821031</td>\n",
       "      <td>0.817660</td>\n",
       "      <td>1.000000</td>\n",
       "      <td>0.508489</td>\n",
       "      <td>0.735610</td>\n",
       "      <td>0.331090</td>\n",
       "      <td>0.541395</td>\n",
       "      <td>0.625864</td>\n",
       "      <td>0.733381</td>\n",
       "      <td>0.144009</td>\n",
       "      <td>0.146495</td>\n",
       "      <td>0.291737</td>\n",
       "      <td>0.253557</td>\n",
       "      <td>0.035062</td>\n",
       "      <td>-0.104068</td>\n",
       "      <td>0.941658</td>\n",
       "      <td>0.667507</td>\n",
       "      <td>0.319807</td>\n",
       "    </tr>\n",
       "    <tr>\n",
       "      <th>F7</th>\n",
       "      <td>0.611990</td>\n",
       "      <td>0.486266</td>\n",
       "      <td>0.596640</td>\n",
       "      <td>0.508489</td>\n",
       "      <td>1.000000</td>\n",
       "      <td>0.412756</td>\n",
       "      <td>0.333656</td>\n",
       "      <td>0.261838</td>\n",
       "      <td>0.464737</td>\n",
       "      <td>0.395468</td>\n",
       "      <td>0.102968</td>\n",
       "      <td>0.005493</td>\n",
       "      <td>0.194959</td>\n",
       "      <td>0.080874</td>\n",
       "      <td>-0.017775</td>\n",
       "      <td>-0.154015</td>\n",
       "      <td>0.511575</td>\n",
       "      <td>0.404565</td>\n",
       "      <td>0.172439</td>\n",
       "    </tr>\n",
       "    <tr>\n",
       "      <th>F8</th>\n",
       "      <td>0.754764</td>\n",
       "      <td>0.757161</td>\n",
       "      <td>0.629942</td>\n",
       "      <td>0.735610</td>\n",
       "      <td>0.412756</td>\n",
       "      <td>1.000000</td>\n",
       "      <td>0.220632</td>\n",
       "      <td>0.430651</td>\n",
       "      <td>0.475539</td>\n",
       "      <td>0.565454</td>\n",
       "      <td>0.029038</td>\n",
       "      <td>0.134908</td>\n",
       "      <td>0.188371</td>\n",
       "      <td>0.197322</td>\n",
       "      <td>0.001145</td>\n",
       "      <td>-0.097330</td>\n",
       "      <td>0.747832</td>\n",
       "      <td>0.502269</td>\n",
       "      <td>0.238571</td>\n",
       "    </tr>\n",
       "    <tr>\n",
       "      <th>T3</th>\n",
       "      <td>0.425533</td>\n",
       "      <td>0.293387</td>\n",
       "      <td>0.425717</td>\n",
       "      <td>0.331090</td>\n",
       "      <td>0.333656</td>\n",
       "      <td>0.220632</td>\n",
       "      <td>1.000000</td>\n",
       "      <td>0.339513</td>\n",
       "      <td>0.586431</td>\n",
       "      <td>0.436389</td>\n",
       "      <td>0.553863</td>\n",
       "      <td>0.156364</td>\n",
       "      <td>0.587910</td>\n",
       "      <td>0.321792</td>\n",
       "      <td>0.296756</td>\n",
       "      <td>0.031644</td>\n",
       "      <td>0.336121</td>\n",
       "      <td>0.424671</td>\n",
       "      <td>0.479426</td>\n",
       "    </tr>\n",
       "    <tr>\n",
       "      <th>T4</th>\n",
       "      <td>0.431161</td>\n",
       "      <td>0.417025</td>\n",
       "      <td>0.477735</td>\n",
       "      <td>0.541395</td>\n",
       "      <td>0.261838</td>\n",
       "      <td>0.430651</td>\n",
       "      <td>0.339513</td>\n",
       "      <td>1.000000</td>\n",
       "      <td>0.526769</td>\n",
       "      <td>0.860357</td>\n",
       "      <td>0.344309</td>\n",
       "      <td>0.850469</td>\n",
       "      <td>0.543144</td>\n",
       "      <td>0.823542</td>\n",
       "      <td>0.420506</td>\n",
       "      <td>0.424743</td>\n",
       "      <td>0.539294</td>\n",
       "      <td>0.589459</td>\n",
       "      <td>0.671635</td>\n",
       "    </tr>\n",
       "    <tr>\n",
       "      <th>C3</th>\n",
       "      <td>0.674208</td>\n",
       "      <td>0.538941</td>\n",
       "      <td>0.732800</td>\n",
       "      <td>0.625864</td>\n",
       "      <td>0.464737</td>\n",
       "      <td>0.475539</td>\n",
       "      <td>0.586431</td>\n",
       "      <td>0.526769</td>\n",
       "      <td>1.000000</td>\n",
       "      <td>0.717897</td>\n",
       "      <td>0.418282</td>\n",
       "      <td>0.243087</td>\n",
       "      <td>0.636977</td>\n",
       "      <td>0.453901</td>\n",
       "      <td>0.324322</td>\n",
       "      <td>0.073285</td>\n",
       "      <td>0.622553</td>\n",
       "      <td>0.670549</td>\n",
       "      <td>0.611224</td>\n",
       "    </tr>\n",
       "    <tr>\n",
       "      <th>C4</th>\n",
       "      <td>0.669217</td>\n",
       "      <td>0.597124</td>\n",
       "      <td>0.680881</td>\n",
       "      <td>0.733381</td>\n",
       "      <td>0.395468</td>\n",
       "      <td>0.565454</td>\n",
       "      <td>0.436389</td>\n",
       "      <td>0.860357</td>\n",
       "      <td>0.717897</td>\n",
       "      <td>1.000000</td>\n",
       "      <td>0.299145</td>\n",
       "      <td>0.531738</td>\n",
       "      <td>0.594824</td>\n",
       "      <td>0.681431</td>\n",
       "      <td>0.366024</td>\n",
       "      <td>0.237162</td>\n",
       "      <td>0.732012</td>\n",
       "      <td>0.743149</td>\n",
       "      <td>0.685863</td>\n",
       "    </tr>\n",
       "    <tr>\n",
       "      <th>T5</th>\n",
       "      <td>0.151383</td>\n",
       "      <td>0.062316</td>\n",
       "      <td>0.220556</td>\n",
       "      <td>0.144009</td>\n",
       "      <td>0.102968</td>\n",
       "      <td>0.029038</td>\n",
       "      <td>0.553863</td>\n",
       "      <td>0.344309</td>\n",
       "      <td>0.418282</td>\n",
       "      <td>0.299145</td>\n",
       "      <td>1.000000</td>\n",
       "      <td>0.224335</td>\n",
       "      <td>0.738369</td>\n",
       "      <td>0.414119</td>\n",
       "      <td>0.561558</td>\n",
       "      <td>0.232518</td>\n",
       "      <td>0.147866</td>\n",
       "      <td>0.319558</td>\n",
       "      <td>0.592259</td>\n",
       "    </tr>\n",
       "    <tr>\n",
       "      <th>T6</th>\n",
       "      <td>0.030732</td>\n",
       "      <td>0.063733</td>\n",
       "      <td>0.091460</td>\n",
       "      <td>0.146495</td>\n",
       "      <td>0.005493</td>\n",
       "      <td>0.134908</td>\n",
       "      <td>0.156364</td>\n",
       "      <td>0.850469</td>\n",
       "      <td>0.243087</td>\n",
       "      <td>0.531738</td>\n",
       "      <td>0.224335</td>\n",
       "      <td>1.000000</td>\n",
       "      <td>0.453968</td>\n",
       "      <td>0.803084</td>\n",
       "      <td>0.502084</td>\n",
       "      <td>0.657066</td>\n",
       "      <td>0.139102</td>\n",
       "      <td>0.254303</td>\n",
       "      <td>0.577760</td>\n",
       "    </tr>\n",
       "    <tr>\n",
       "      <th>P3</th>\n",
       "      <td>0.292622</td>\n",
       "      <td>0.205690</td>\n",
       "      <td>0.337303</td>\n",
       "      <td>0.291737</td>\n",
       "      <td>0.194959</td>\n",
       "      <td>0.188371</td>\n",
       "      <td>0.587910</td>\n",
       "      <td>0.543144</td>\n",
       "      <td>0.636977</td>\n",
       "      <td>0.594824</td>\n",
       "      <td>0.738369</td>\n",
       "      <td>0.453968</td>\n",
       "      <td>1.000000</td>\n",
       "      <td>0.727742</td>\n",
       "      <td>0.796378</td>\n",
       "      <td>0.464595</td>\n",
       "      <td>0.286543</td>\n",
       "      <td>0.526285</td>\n",
       "      <td>0.884413</td>\n",
       "    </tr>\n",
       "    <tr>\n",
       "      <th>P4</th>\n",
       "      <td>0.157271</td>\n",
       "      <td>0.153414</td>\n",
       "      <td>0.232115</td>\n",
       "      <td>0.253557</td>\n",
       "      <td>0.080874</td>\n",
       "      <td>0.197322</td>\n",
       "      <td>0.321792</td>\n",
       "      <td>0.823542</td>\n",
       "      <td>0.453901</td>\n",
       "      <td>0.681431</td>\n",
       "      <td>0.414119</td>\n",
       "      <td>0.803084</td>\n",
       "      <td>0.727742</td>\n",
       "      <td>1.000000</td>\n",
       "      <td>0.719965</td>\n",
       "      <td>0.736999</td>\n",
       "      <td>0.250005</td>\n",
       "      <td>0.459818</td>\n",
       "      <td>0.861740</td>\n",
       "    </tr>\n",
       "    <tr>\n",
       "      <th>O1</th>\n",
       "      <td>0.018659</td>\n",
       "      <td>-0.038340</td>\n",
       "      <td>0.047944</td>\n",
       "      <td>0.035062</td>\n",
       "      <td>-0.017775</td>\n",
       "      <td>0.001145</td>\n",
       "      <td>0.296756</td>\n",
       "      <td>0.420506</td>\n",
       "      <td>0.324322</td>\n",
       "      <td>0.366024</td>\n",
       "      <td>0.561558</td>\n",
       "      <td>0.502084</td>\n",
       "      <td>0.796378</td>\n",
       "      <td>0.719965</td>\n",
       "      <td>1.000000</td>\n",
       "      <td>0.744407</td>\n",
       "      <td>0.028017</td>\n",
       "      <td>0.272855</td>\n",
       "      <td>0.779449</td>\n",
       "    </tr>\n",
       "    <tr>\n",
       "      <th>O2</th>\n",
       "      <td>-0.183149</td>\n",
       "      <td>-0.160568</td>\n",
       "      <td>-0.137140</td>\n",
       "      <td>-0.104068</td>\n",
       "      <td>-0.154015</td>\n",
       "      <td>-0.097330</td>\n",
       "      <td>0.031644</td>\n",
       "      <td>0.424743</td>\n",
       "      <td>0.073285</td>\n",
       "      <td>0.237162</td>\n",
       "      <td>0.232518</td>\n",
       "      <td>0.657066</td>\n",
       "      <td>0.464595</td>\n",
       "      <td>0.736999</td>\n",
       "      <td>0.744407</td>\n",
       "      <td>1.000000</td>\n",
       "      <td>-0.110176</td>\n",
       "      <td>0.071476</td>\n",
       "      <td>0.563560</td>\n",
       "    </tr>\n",
       "    <tr>\n",
       "      <th>Fz</th>\n",
       "      <td>0.865780</td>\n",
       "      <td>0.819931</td>\n",
       "      <td>0.834678</td>\n",
       "      <td>0.941658</td>\n",
       "      <td>0.511575</td>\n",
       "      <td>0.747832</td>\n",
       "      <td>0.336121</td>\n",
       "      <td>0.539294</td>\n",
       "      <td>0.622553</td>\n",
       "      <td>0.732012</td>\n",
       "      <td>0.147866</td>\n",
       "      <td>0.139102</td>\n",
       "      <td>0.286543</td>\n",
       "      <td>0.250005</td>\n",
       "      <td>0.028017</td>\n",
       "      <td>-0.110176</td>\n",
       "      <td>1.000000</td>\n",
       "      <td>0.659860</td>\n",
       "      <td>0.316890</td>\n",
       "    </tr>\n",
       "    <tr>\n",
       "      <th>Cz</th>\n",
       "      <td>0.674427</td>\n",
       "      <td>0.569295</td>\n",
       "      <td>0.698923</td>\n",
       "      <td>0.667507</td>\n",
       "      <td>0.404565</td>\n",
       "      <td>0.502269</td>\n",
       "      <td>0.424671</td>\n",
       "      <td>0.589459</td>\n",
       "      <td>0.670549</td>\n",
       "      <td>0.743149</td>\n",
       "      <td>0.319558</td>\n",
       "      <td>0.254303</td>\n",
       "      <td>0.526285</td>\n",
       "      <td>0.459818</td>\n",
       "      <td>0.272855</td>\n",
       "      <td>0.071476</td>\n",
       "      <td>0.659860</td>\n",
       "      <td>1.000000</td>\n",
       "      <td>0.565709</td>\n",
       "    </tr>\n",
       "    <tr>\n",
       "      <th>Pz</th>\n",
       "      <td>0.291271</td>\n",
       "      <td>0.229581</td>\n",
       "      <td>0.354014</td>\n",
       "      <td>0.319807</td>\n",
       "      <td>0.172439</td>\n",
       "      <td>0.238571</td>\n",
       "      <td>0.479426</td>\n",
       "      <td>0.671635</td>\n",
       "      <td>0.611224</td>\n",
       "      <td>0.685863</td>\n",
       "      <td>0.592259</td>\n",
       "      <td>0.577760</td>\n",
       "      <td>0.884413</td>\n",
       "      <td>0.861740</td>\n",
       "      <td>0.779449</td>\n",
       "      <td>0.563560</td>\n",
       "      <td>0.316890</td>\n",
       "      <td>0.565709</td>\n",
       "      <td>1.000000</td>\n",
       "    </tr>\n",
       "  </tbody>\n",
       "</table>\n",
       "</div>"
      ],
      "text/plain": [
       "EEG channels       Fp1       Fp2        F3        F4        F7        F8  \\\n",
       "EEG channels                                                               \n",
       "Fp1           1.000000  0.927426  0.925946  0.865917  0.611990  0.754764   \n",
       "Fp2           0.927426  1.000000  0.756845  0.821031  0.486266  0.757161   \n",
       "F3            0.925946  0.756845  1.000000  0.817660  0.596640  0.629942   \n",
       "F4            0.865917  0.821031  0.817660  1.000000  0.508489  0.735610   \n",
       "F7            0.611990  0.486266  0.596640  0.508489  1.000000  0.412756   \n",
       "F8            0.754764  0.757161  0.629942  0.735610  0.412756  1.000000   \n",
       "T3            0.425533  0.293387  0.425717  0.331090  0.333656  0.220632   \n",
       "T4            0.431161  0.417025  0.477735  0.541395  0.261838  0.430651   \n",
       "C3            0.674208  0.538941  0.732800  0.625864  0.464737  0.475539   \n",
       "C4            0.669217  0.597124  0.680881  0.733381  0.395468  0.565454   \n",
       "T5            0.151383  0.062316  0.220556  0.144009  0.102968  0.029038   \n",
       "T6            0.030732  0.063733  0.091460  0.146495  0.005493  0.134908   \n",
       "P3            0.292622  0.205690  0.337303  0.291737  0.194959  0.188371   \n",
       "P4            0.157271  0.153414  0.232115  0.253557  0.080874  0.197322   \n",
       "O1            0.018659 -0.038340  0.047944  0.035062 -0.017775  0.001145   \n",
       "O2           -0.183149 -0.160568 -0.137140 -0.104068 -0.154015 -0.097330   \n",
       "Fz            0.865780  0.819931  0.834678  0.941658  0.511575  0.747832   \n",
       "Cz            0.674427  0.569295  0.698923  0.667507  0.404565  0.502269   \n",
       "Pz            0.291271  0.229581  0.354014  0.319807  0.172439  0.238571   \n",
       "\n",
       "EEG channels        T3        T4        C3        C4        T5        T6  \\\n",
       "EEG channels                                                               \n",
       "Fp1           0.425533  0.431161  0.674208  0.669217  0.151383  0.030732   \n",
       "Fp2           0.293387  0.417025  0.538941  0.597124  0.062316  0.063733   \n",
       "F3            0.425717  0.477735  0.732800  0.680881  0.220556  0.091460   \n",
       "F4            0.331090  0.541395  0.625864  0.733381  0.144009  0.146495   \n",
       "F7            0.333656  0.261838  0.464737  0.395468  0.102968  0.005493   \n",
       "F8            0.220632  0.430651  0.475539  0.565454  0.029038  0.134908   \n",
       "T3            1.000000  0.339513  0.586431  0.436389  0.553863  0.156364   \n",
       "T4            0.339513  1.000000  0.526769  0.860357  0.344309  0.850469   \n",
       "C3            0.586431  0.526769  1.000000  0.717897  0.418282  0.243087   \n",
       "C4            0.436389  0.860357  0.717897  1.000000  0.299145  0.531738   \n",
       "T5            0.553863  0.344309  0.418282  0.299145  1.000000  0.224335   \n",
       "T6            0.156364  0.850469  0.243087  0.531738  0.224335  1.000000   \n",
       "P3            0.587910  0.543144  0.636977  0.594824  0.738369  0.453968   \n",
       "P4            0.321792  0.823542  0.453901  0.681431  0.414119  0.803084   \n",
       "O1            0.296756  0.420506  0.324322  0.366024  0.561558  0.502084   \n",
       "O2            0.031644  0.424743  0.073285  0.237162  0.232518  0.657066   \n",
       "Fz            0.336121  0.539294  0.622553  0.732012  0.147866  0.139102   \n",
       "Cz            0.424671  0.589459  0.670549  0.743149  0.319558  0.254303   \n",
       "Pz            0.479426  0.671635  0.611224  0.685863  0.592259  0.577760   \n",
       "\n",
       "EEG channels        P3        P4        O1        O2        Fz        Cz  \\\n",
       "EEG channels                                                               \n",
       "Fp1           0.292622  0.157271  0.018659 -0.183149  0.865780  0.674427   \n",
       "Fp2           0.205690  0.153414 -0.038340 -0.160568  0.819931  0.569295   \n",
       "F3            0.337303  0.232115  0.047944 -0.137140  0.834678  0.698923   \n",
       "F4            0.291737  0.253557  0.035062 -0.104068  0.941658  0.667507   \n",
       "F7            0.194959  0.080874 -0.017775 -0.154015  0.511575  0.404565   \n",
       "F8            0.188371  0.197322  0.001145 -0.097330  0.747832  0.502269   \n",
       "T3            0.587910  0.321792  0.296756  0.031644  0.336121  0.424671   \n",
       "T4            0.543144  0.823542  0.420506  0.424743  0.539294  0.589459   \n",
       "C3            0.636977  0.453901  0.324322  0.073285  0.622553  0.670549   \n",
       "C4            0.594824  0.681431  0.366024  0.237162  0.732012  0.743149   \n",
       "T5            0.738369  0.414119  0.561558  0.232518  0.147866  0.319558   \n",
       "T6            0.453968  0.803084  0.502084  0.657066  0.139102  0.254303   \n",
       "P3            1.000000  0.727742  0.796378  0.464595  0.286543  0.526285   \n",
       "P4            0.727742  1.000000  0.719965  0.736999  0.250005  0.459818   \n",
       "O1            0.796378  0.719965  1.000000  0.744407  0.028017  0.272855   \n",
       "O2            0.464595  0.736999  0.744407  1.000000 -0.110176  0.071476   \n",
       "Fz            0.286543  0.250005  0.028017 -0.110176  1.000000  0.659860   \n",
       "Cz            0.526285  0.459818  0.272855  0.071476  0.659860  1.000000   \n",
       "Pz            0.884413  0.861740  0.779449  0.563560  0.316890  0.565709   \n",
       "\n",
       "EEG channels        Pz  \n",
       "EEG channels            \n",
       "Fp1           0.291271  \n",
       "Fp2           0.229581  \n",
       "F3            0.354014  \n",
       "F4            0.319807  \n",
       "F7            0.172439  \n",
       "F8            0.238571  \n",
       "T3            0.479426  \n",
       "T4            0.671635  \n",
       "C3            0.611224  \n",
       "C4            0.685863  \n",
       "T5            0.592259  \n",
       "T6            0.577760  \n",
       "P3            0.884413  \n",
       "P4            0.861740  \n",
       "O1            0.779449  \n",
       "O2            0.563560  \n",
       "Fz            0.316890  \n",
       "Cz            0.565709  \n",
       "Pz            1.000000  "
      ]
     },
     "execution_count": 33,
     "metadata": {},
     "output_type": "execute_result"
    }
   ],
   "source": [
    "df: pd.DataFrame = pd.read_csv(path, sep=';')\n",
    "\n",
    "df['EEG channels'] = CHANNELS\n",
    "df = df.set_index('EEG channels')\n",
    "\n",
    "df = np.transpose(df)\n",
    "\n",
    "# Hacer la matriz de correlación\n",
    "df_correlation: pd.DataFrame = df.corr()\n",
    "\n",
    "df_correlation\n",
    "\n",
    "# No se como hacer para quitar ese 'EEG channels' que está ahí sobrando pero de momento se va a quedar así"
   ]
  },
  {
   "cell_type": "code",
   "execution_count": 34,
   "metadata": {},
   "outputs": [
    {
     "data": {
      "text/html": [
       "<div>\n",
       "<style scoped>\n",
       "    .dataframe tbody tr th:only-of-type {\n",
       "        vertical-align: middle;\n",
       "    }\n",
       "\n",
       "    .dataframe tbody tr th {\n",
       "        vertical-align: top;\n",
       "    }\n",
       "\n",
       "    .dataframe thead th {\n",
       "        text-align: right;\n",
       "    }\n",
       "</style>\n",
       "<table border=\"1\" class=\"dataframe\">\n",
       "  <thead>\n",
       "    <tr style=\"text-align: right;\">\n",
       "      <th></th>\n",
       "      <th>Fp1</th>\n",
       "      <th>Fp2</th>\n",
       "      <th>F3</th>\n",
       "      <th>F4</th>\n",
       "      <th>F7</th>\n",
       "      <th>F8</th>\n",
       "      <th>T3</th>\n",
       "      <th>T4</th>\n",
       "      <th>C3</th>\n",
       "      <th>C4</th>\n",
       "      <th>T5</th>\n",
       "      <th>T6</th>\n",
       "      <th>P3</th>\n",
       "      <th>P4</th>\n",
       "      <th>O1</th>\n",
       "      <th>O2</th>\n",
       "      <th>Fz</th>\n",
       "      <th>Cz</th>\n",
       "      <th>Pz</th>\n",
       "    </tr>\n",
       "  </thead>\n",
       "  <tbody>\n",
       "    <tr>\n",
       "      <th>Fp1</th>\n",
       "      <td>0.000000</td>\n",
       "      <td>0.380983</td>\n",
       "      <td>0.384847</td>\n",
       "      <td>0.517847</td>\n",
       "      <td>0.880920</td>\n",
       "      <td>0.700337</td>\n",
       "      <td>1.071883</td>\n",
       "      <td>1.066620</td>\n",
       "      <td>0.807208</td>\n",
       "      <td>0.813368</td>\n",
       "      <td>1.302779</td>\n",
       "      <td>1.392313</td>\n",
       "      <td>1.189435</td>\n",
       "      <td>1.298252</td>\n",
       "      <td>1.400957</td>\n",
       "      <td>1.538277</td>\n",
       "      <td>0.518112</td>\n",
       "      <td>0.806937</td>\n",
       "      <td>1.190570</td>\n",
       "    </tr>\n",
       "    <tr>\n",
       "      <th>Fp2</th>\n",
       "      <td>0.380983</td>\n",
       "      <td>0.000000</td>\n",
       "      <td>0.697360</td>\n",
       "      <td>0.598279</td>\n",
       "      <td>1.013641</td>\n",
       "      <td>0.696905</td>\n",
       "      <td>1.188792</td>\n",
       "      <td>1.079792</td>\n",
       "      <td>0.960270</td>\n",
       "      <td>0.897637</td>\n",
       "      <td>1.369441</td>\n",
       "      <td>1.368406</td>\n",
       "      <td>1.260405</td>\n",
       "      <td>1.301219</td>\n",
       "      <td>1.441069</td>\n",
       "      <td>1.523528</td>\n",
       "      <td>0.600115</td>\n",
       "      <td>0.928121</td>\n",
       "      <td>1.241305</td>\n",
       "    </tr>\n",
       "    <tr>\n",
       "      <th>F3</th>\n",
       "      <td>0.384847</td>\n",
       "      <td>0.697360</td>\n",
       "      <td>0.000000</td>\n",
       "      <td>0.603887</td>\n",
       "      <td>0.898176</td>\n",
       "      <td>0.860300</td>\n",
       "      <td>1.071711</td>\n",
       "      <td>1.022022</td>\n",
       "      <td>0.731026</td>\n",
       "      <td>0.798899</td>\n",
       "      <td>1.248554</td>\n",
       "      <td>1.347991</td>\n",
       "      <td>1.151257</td>\n",
       "      <td>1.239262</td>\n",
       "      <td>1.379895</td>\n",
       "      <td>1.508072</td>\n",
       "      <td>0.575017</td>\n",
       "      <td>0.775986</td>\n",
       "      <td>1.136650</td>\n",
       "    </tr>\n",
       "    <tr>\n",
       "      <th>F4</th>\n",
       "      <td>0.517847</td>\n",
       "      <td>0.598279</td>\n",
       "      <td>0.603887</td>\n",
       "      <td>0.000000</td>\n",
       "      <td>0.991475</td>\n",
       "      <td>0.727173</td>\n",
       "      <td>1.156642</td>\n",
       "      <td>0.957711</td>\n",
       "      <td>0.865027</td>\n",
       "      <td>0.730232</td>\n",
       "      <td>1.308427</td>\n",
       "      <td>1.306526</td>\n",
       "      <td>1.190179</td>\n",
       "      <td>1.221838</td>\n",
       "      <td>1.389200</td>\n",
       "      <td>1.485980</td>\n",
       "      <td>0.341589</td>\n",
       "      <td>0.815467</td>\n",
       "      <td>1.166356</td>\n",
       "    </tr>\n",
       "    <tr>\n",
       "      <th>F7</th>\n",
       "      <td>0.880920</td>\n",
       "      <td>1.013641</td>\n",
       "      <td>0.898176</td>\n",
       "      <td>0.991475</td>\n",
       "      <td>0.000000</td>\n",
       "      <td>1.083738</td>\n",
       "      <td>1.154421</td>\n",
       "      <td>1.215040</td>\n",
       "      <td>1.034662</td>\n",
       "      <td>1.099575</td>\n",
       "      <td>1.339427</td>\n",
       "      <td>1.410324</td>\n",
       "      <td>1.268890</td>\n",
       "      <td>1.355821</td>\n",
       "      <td>1.426727</td>\n",
       "      <td>1.519220</td>\n",
       "      <td>0.988357</td>\n",
       "      <td>1.091270</td>\n",
       "      <td>1.286516</td>\n",
       "    </tr>\n",
       "    <tr>\n",
       "      <th>F8</th>\n",
       "      <td>0.700337</td>\n",
       "      <td>0.696905</td>\n",
       "      <td>0.860300</td>\n",
       "      <td>0.727173</td>\n",
       "      <td>1.083738</td>\n",
       "      <td>0.000000</td>\n",
       "      <td>1.248493</td>\n",
       "      <td>1.067098</td>\n",
       "      <td>1.024169</td>\n",
       "      <td>0.932251</td>\n",
       "      <td>1.393530</td>\n",
       "      <td>1.315365</td>\n",
       "      <td>1.274071</td>\n",
       "      <td>1.267027</td>\n",
       "      <td>1.413404</td>\n",
       "      <td>1.481438</td>\n",
       "      <td>0.710167</td>\n",
       "      <td>0.997728</td>\n",
       "      <td>1.234041</td>\n",
       "    </tr>\n",
       "    <tr>\n",
       "      <th>T3</th>\n",
       "      <td>1.071883</td>\n",
       "      <td>1.188792</td>\n",
       "      <td>1.071711</td>\n",
       "      <td>1.156642</td>\n",
       "      <td>1.154421</td>\n",
       "      <td>1.248493</td>\n",
       "      <td>0.000000</td>\n",
       "      <td>1.149336</td>\n",
       "      <td>0.909472</td>\n",
       "      <td>1.061707</td>\n",
       "      <td>0.944602</td>\n",
       "      <td>1.298950</td>\n",
       "      <td>0.907844</td>\n",
       "      <td>1.164653</td>\n",
       "      <td>1.185955</td>\n",
       "      <td>1.391658</td>\n",
       "      <td>1.152284</td>\n",
       "      <td>1.072688</td>\n",
       "      <td>1.020366</td>\n",
       "    </tr>\n",
       "    <tr>\n",
       "      <th>T4</th>\n",
       "      <td>1.066620</td>\n",
       "      <td>1.079792</td>\n",
       "      <td>1.022022</td>\n",
       "      <td>0.957711</td>\n",
       "      <td>1.215040</td>\n",
       "      <td>1.067098</td>\n",
       "      <td>1.149336</td>\n",
       "      <td>0.000000</td>\n",
       "      <td>0.972863</td>\n",
       "      <td>0.528475</td>\n",
       "      <td>1.145156</td>\n",
       "      <td>0.546865</td>\n",
       "      <td>0.955883</td>\n",
       "      <td>0.594068</td>\n",
       "      <td>1.076563</td>\n",
       "      <td>1.072620</td>\n",
       "      <td>0.959902</td>\n",
       "      <td>0.906135</td>\n",
       "      <td>0.810389</td>\n",
       "    </tr>\n",
       "    <tr>\n",
       "      <th>C3</th>\n",
       "      <td>0.807208</td>\n",
       "      <td>0.960270</td>\n",
       "      <td>0.731026</td>\n",
       "      <td>0.865027</td>\n",
       "      <td>1.034662</td>\n",
       "      <td>1.024169</td>\n",
       "      <td>0.909472</td>\n",
       "      <td>0.972863</td>\n",
       "      <td>0.000000</td>\n",
       "      <td>0.751137</td>\n",
       "      <td>1.078627</td>\n",
       "      <td>1.230377</td>\n",
       "      <td>0.852083</td>\n",
       "      <td>1.045083</td>\n",
       "      <td>1.162479</td>\n",
       "      <td>1.361407</td>\n",
       "      <td>0.868847</td>\n",
       "      <td>0.811727</td>\n",
       "      <td>0.881790</td>\n",
       "    </tr>\n",
       "    <tr>\n",
       "      <th>C4</th>\n",
       "      <td>0.813368</td>\n",
       "      <td>0.897637</td>\n",
       "      <td>0.798899</td>\n",
       "      <td>0.730232</td>\n",
       "      <td>1.099575</td>\n",
       "      <td>0.932251</td>\n",
       "      <td>1.061707</td>\n",
       "      <td>0.528475</td>\n",
       "      <td>0.751137</td>\n",
       "      <td>0.000000</td>\n",
       "      <td>1.183938</td>\n",
       "      <td>0.967742</td>\n",
       "      <td>0.900196</td>\n",
       "      <td>0.798209</td>\n",
       "      <td>1.126034</td>\n",
       "      <td>1.235183</td>\n",
       "      <td>0.732104</td>\n",
       "      <td>0.716730</td>\n",
       "      <td>0.792637</td>\n",
       "    </tr>\n",
       "    <tr>\n",
       "      <th>T5</th>\n",
       "      <td>1.302779</td>\n",
       "      <td>1.369441</td>\n",
       "      <td>1.248554</td>\n",
       "      <td>1.308427</td>\n",
       "      <td>1.339427</td>\n",
       "      <td>1.393530</td>\n",
       "      <td>0.944602</td>\n",
       "      <td>1.145156</td>\n",
       "      <td>1.078627</td>\n",
       "      <td>1.183938</td>\n",
       "      <td>0.000000</td>\n",
       "      <td>1.245524</td>\n",
       "      <td>0.723368</td>\n",
       "      <td>1.082479</td>\n",
       "      <td>0.936420</td>\n",
       "      <td>1.238937</td>\n",
       "      <td>1.305476</td>\n",
       "      <td>1.166569</td>\n",
       "      <td>0.903040</td>\n",
       "    </tr>\n",
       "    <tr>\n",
       "      <th>T6</th>\n",
       "      <td>1.392313</td>\n",
       "      <td>1.368406</td>\n",
       "      <td>1.347991</td>\n",
       "      <td>1.306526</td>\n",
       "      <td>1.410324</td>\n",
       "      <td>1.315365</td>\n",
       "      <td>1.298950</td>\n",
       "      <td>0.546865</td>\n",
       "      <td>1.230377</td>\n",
       "      <td>0.967742</td>\n",
       "      <td>1.245524</td>\n",
       "      <td>0.000000</td>\n",
       "      <td>1.045019</td>\n",
       "      <td>0.627560</td>\n",
       "      <td>0.997914</td>\n",
       "      <td>0.828171</td>\n",
       "      <td>1.312172</td>\n",
       "      <td>1.221226</td>\n",
       "      <td>0.918956</td>\n",
       "    </tr>\n",
       "    <tr>\n",
       "      <th>P3</th>\n",
       "      <td>1.189435</td>\n",
       "      <td>1.260405</td>\n",
       "      <td>1.151257</td>\n",
       "      <td>1.190179</td>\n",
       "      <td>1.268890</td>\n",
       "      <td>1.274071</td>\n",
       "      <td>0.907844</td>\n",
       "      <td>0.955883</td>\n",
       "      <td>0.852083</td>\n",
       "      <td>0.900196</td>\n",
       "      <td>0.723368</td>\n",
       "      <td>1.045019</td>\n",
       "      <td>0.000000</td>\n",
       "      <td>0.737913</td>\n",
       "      <td>0.638156</td>\n",
       "      <td>1.034799</td>\n",
       "      <td>1.194535</td>\n",
       "      <td>0.973360</td>\n",
       "      <td>0.480806</td>\n",
       "    </tr>\n",
       "    <tr>\n",
       "      <th>P4</th>\n",
       "      <td>1.298252</td>\n",
       "      <td>1.301219</td>\n",
       "      <td>1.239262</td>\n",
       "      <td>1.221838</td>\n",
       "      <td>1.355821</td>\n",
       "      <td>1.267027</td>\n",
       "      <td>1.164653</td>\n",
       "      <td>0.594068</td>\n",
       "      <td>1.045083</td>\n",
       "      <td>0.798209</td>\n",
       "      <td>1.082479</td>\n",
       "      <td>0.627560</td>\n",
       "      <td>0.737913</td>\n",
       "      <td>0.000000</td>\n",
